101000000
101001001
101011010
011011001
011011001
101100000
101101001
101110000
011110011
011110101
000110110
101001000
101010000
011001000
011010011
101000000
101011000
000011001
110011110
101101100
010011101
101101001
111000110
011100101
101011000
011011010
011000001
011000101
111000010
101101001
011101101
011101011
001100101
101000000
101001001
101011010
011011001
011011001
101100000
101110000
011110011
000110110
101001000
101010000
011001000
011010011
101000000
101011000
000011001
110011110
101101100
010011101
101101001
111001100
011100101
101110000
011110010
000110110
100110011
101000000
101011000
000011001
110011110
101101100
100101011
010011101
101101001
111001110
011100101
101110000
011110010
000110110
100110011
100110011
101000000
101011000
000011001
110011110
101101100
100101011
100101011
010011101
101101001
111010000
011100101
101110000
011110010
000110110
100110011
100110011
100110011
101000000
101011000
000011001
110011110
101101100
100101011
100101011
100101011
010011101
101101001
111010010
011100101
101011000
101101001
101011000
011011010
011000001
011000101
111001010
101101001
011101011
001100101
101000000
101001001
101011010
011011001
101100000
101110000
101101001
011110011
011110101
000110110
101001000
101010000
011001000
011010011
101000000
101011000
000011001
110011110
101111100
010011111
101101001
111010110
011100101
100110011
000011001
110011110
101101100
100111011
010011111
101101001
111011000
011100101
100110011
000011001
110011110
100111011
010011111
111101100
011100101
100110011
000011001
110011110
100111011
010011111
111011010
011100101
101110000
101111000
011110010
011110101
000110110
100110011
100110011
100110011
101000000
101011000
000011001
101101001
011101001
000111101
100111000
100011000
110011110
101101100
100101011
100101011
100101011
010011101
101101001
111011110
011100101
101110001
101111001
011110010
000110110
100110011
100110011
100110011
101000000
101011000
101101001
000011001
011101001
000111101
100111000
100011000
100111000
100011000
110011110
101101100
100101011
100101011
100101011
010011101
101101001
111100000
011100101
101110001
101111001
011110010
000110110
100110011
100110011
100110011
101000000
101011000
101101001
011101001
000111101
000011001
100111000
100011000
100111000
100011000
100111000
100011000
110011110
101101100
100101011
100101011
100101011
010011101
101101001
111100010
011100101
101110001
101111001
011110010
000110110
100110011
100110011
100110011
101000000
101011000
101101001
011101001
000111101
000011001
100111000
100011000
100111000
100011000
100111000
100011000
100111000
100011000
110011110
101101100
100101011
100101011
100101011
010011101
101101001
111100100
011100101
101011000
011000001
011011010
011000101
111010100
101010000
011010011
101110001
101101001
011110011
000110110
101000000
000011010
110011110
101101100
010011101
101101001
111110000
011100101
101110000
011110011
000110110
100110011
101000000
101011000
000011010
110011110
101101100
100101011
010011101
101101001
111100110
011100101
101110001
011110010
000110110
100110011
100110011
101000000
101011000
000011010
110011110
101101100
100101011
100101011
010011101
101101001
111101000
011100101
101110001
011110010
000110110
100110011
100110011
100110011
101000000
101011000
000011010
110011110
101101100
100101011
100101011
100101011
010011101
101101001
111101010
011100101
101101001
011101101
101111001
011101111
011101111
011101010
001100101
