101000000
101001010
101011010
101011010
101011010
101011010
101100000
101101001
000110000
011000101
000111000
100110000
100111000
100110000
100111000
100110000
100111000
100110000
100111000
100111100
100111001
100100000
100111100
011001101
001111001
101101111
011001101
000111000
011000101
000110000
101101001
011000101
100110000
100111000
100110010
100110010
100110010
100110000
100111000
100110000
100111000
100110000
100111000
100111100
100111001
100100000
000111000
101101111
011000101
000110000
101101001
011000101
100111011
100110010
100110000
100111000
100110000
100111000
100110010
100110000
100111000
100110000
100111000
100110010
100110000
100111000
100111100
100111001
100100000
000111000
101101111
011000101
000110000
101101001
011000101
101010011
010111010
100110000
100110000
100111000
100110000
100110000
100111000
100110000
100111000
100110000
100110000
100111000
100110000
100111000
100111100
100111001
100100000
000111000
101101111
011000101
000110000
101101001
011000101
101010000
011010100
100111100
100111001
100100000
100110100
100110001
100100000
100100100
100100001
100010000
000111000
101101111
011000101
000110000
101101001
011000101
100110001
100111000
100010000
100010000
100010000
100010000
100010000
100110000
100111001
100110000
100010000
100110000
100010000
100110000
100010000
100110000
001110001
101100001
011000100
011001100
011001100
111000010
