101000010
101001000
101011010
101011010
101100010
011011100
101001000
101010000
101101001
101100000
011000101
000110000
101101111
011000101
000111000
100110100
100110001
100100000
101101001
011000101
000110000
101101111
011000101
100111000
100110001
100111000
100110001
100111000
100110001
100111000
100110001
100110101
100110000
100100000
000111000
101101001
011000101
000110000
100111000
100110001
100111000
100110001
100111010
100111010
100111000
100110001
100110001
100110001
100111000
100110001
100110100
100110001
100100000
000110000
101101111
011000101
000111000
101101000
100110000
100101000
100110010
100110000
100101000
100110010
100110000
100101000
100110010
100110000
100101000
100111000
100101000
100111010
100111000
100101000
100111010
100111000
100101000
100111010
100111000
100101000
101110000
100101100
100101001
100100000
011010011
011001000
101000000
011000100
101011000
000111001
101101001
011001101
000110001
101101111
011001101
101101000
111111111
000111001
101101001
011001101
000110001
101101000
101011000
100110100
100110001
100101000
100111100
100111001
100101000
100101100
100101001
100011000
000110001
101101111
011001101
000111001
101000000
101101001
100101010
111111111
011000100
101011001
011011011
101101001
100101010
100101010
100101010
000111001
110111101
101101001
111111111
101011011
101101001
100101010
100101010
100101010
100101010
100101010
000111001
110111101
101101001
111111111
101011011
101101001
011011101
000111001
100101010
100101010
100101010
100101010
100101010
100101010
110111101
101101001
111111111
101011011
101101001
011011101
011011101
000111001
100101010
100101010
100101010
100101010
100101010
100101010
100101010
110111101
101101001
111111111
101011011
101101111
011011011
011011101
000111001
101101001
011001101
000110001
101101111
011001101
101101001
100101010
110110101
101101001
111111111
101011011
101101001
011011011
011001101
000110001
101101111
011001101
101101001
100101010
100101010
110110101
101101001
111111111
101011011
101101001
011011011
011011101
011001101
000110001
101101111
011001101
101101001
100101010
100101010
100101010
110110101
101101001
111111111
101011011
101101001
011011011
011011101
011011101
011001101
000110001
101101111
011001101
101101001
100101010
100101010
100101010
100101010
110110101
101101001
111111111
101011011
101101001
011011011
011011101
011011101
011011101
011001101
000110001
101101111
011001101
101101001
100101010
100101010
100101010
100101010
100101010
110110101
101101001
111111111
101011011
101101001
011011011
011011101
011011101
011011101
011011101
011001101
000110001
101101111
011001101
101101001
100101010
100101010
100101010
100101010
100101010
100101010
110110101
101101001
111111111
101011011
011011011
011011011
011011011
101101001
011001101
000110001
101101111
011001101
101101001
100101010
100101010
100101010
100101010
100101010
100101010
100101010
110110101
101101001
111111111
011001101
000110001
101101111
011001101
000111001
101101001
111111110
101000000
101011000
011000001
011011010
101010110
011000010
101100000
100101010
100101010
100101010
100110000
100101000
100110000
100101000
100110000
100101000
101010001
011000010
001101000
100110000
100100000
100110000
100100000
100110000
100100000
100110000
100100000
100111000
100100000
100111000
100100000
100111000
100100000
100111010
100111000
100100000
101101111
011000101
001100000
101101010
011000101
101101001
011000101
011000101
111000010
